-65.436 -70.226 29.540 -67.630 -21.322 38.983 -50.239 -79.723 -73.397 -22.572 65.210 55.215 53.817
-23.817 41.458 37.224 -90.663 85.939 -68.039 29.685 -25.824 59.825 -8.583 -57.843 -73.613
6.661 -54.832 78.868 51.471 -62.868 67.518 -7.342 -60.502 -92.833 -47.083 -97.782 -93.187 73.026
-0.466 -43.891 69.706 -6.212 -56.841 45.928 18.835 52.089 5.265 -10.974 -37.072 -85.266 87.015 -83.169 26.997 -9.257 38.417 54.132 -68.474
77.535 -69.157 48.917 -66.270 -44.157 78.843 33.376 -17.206 23.688 -32.109 -94.707 -51.225
-91.467 46.862 59.154 -8.202 97.146 -3.708 8.906 -47.707 -1.766 96.714 34.665 -16.647 -49.567
21.708 18.411 -66.646 12.295 -96.917 -58.322 -99.544 -7.800 -5.399 27.216 2.478 -59.026 68.341 94.813 65.773 0.376
-45.714 11.688 87.810 -21.261 -58.914 16.004 -42.034 1.843 70.855 -83.408 79.467 -68.263 22.324 18.443 25.940 98.066 57.708 85.365 37.812
89.441 26.008 40.086 -23.176 -34.034 23.376 10.946 94.067 -47.882 17.318 28.021 60.239 25.552
59.094 37.868 23.517 -73.287 -93.254 38.444 -42.880 66.807 20.198 -40.804 82.640 78.708
46.572 56.833 21.266 -63.389 -81.142 0.488 30.433 76.859 48.059 86.451 65.034 42.327 61.519 37.358
-18.046 -60.527 22.235 -79.612 -27.269 -55.324 83.991 -4.226 -31.414 6.650 31.765
55.775 -38.245 -81.979 -84.622 -19.750 -33.946 17.619 -100.247 -85.267 -53.835 -6.542 68.840 100.857 -45.224
-74.012 -0.810 -16.738 -11.450 -93.283 -6.853 -42.925 54.236 78.110 -21.313 -43.819 27.257 94.979 -94.885 98.086 76.295 1.206 -19.050 81.816
-72.299 -34.665 -37.818 -11.182 -60.294 99.024 36.176 77.381 -55.263 -43.580 -84.655 -92.461 19.232 93.091 64.378 66.277 -76.699
-33.894 25.471 -14.940 -51.818 47.373 98.907 47.858 29.093 -22.966 24.790 -56.313 90.833 -4.700 -62.814 71.227 92.277 92.466 8.167 -12.568 17.606
3.845 20.305 -58.072 -68.080 -15.766 -22.497 -10.584 -79.708 -30.312 -73.640 -99.923 16.374 -82.984 52.332 95.112 1.521 58.702
89.116 -98.801 -30.423 -31.337 49.109 -80.512 -44.713 28.987 13.538 75.293
75.187 -13.027 36.007 -76.080 17.260 -9.460 -41.880 -75.490 -79.527 -77.427 -37.325 24.112 -80.443 63.790 82.470 59.247 -4.463 89.497
24.084 0.173 -51.559 4.625 14.719 -43.771 -6.546 14.201 11.844 65.575
